-6.340347041847042, -0.10394011544011544, 11.848522258875404
-4.325967530163401, -0.4852909310759743, 9.932081143609045
-3.6901658878024763, -1.8058571463473516, 8.294910474763048
-5.49475791003019, -2.770237491872638, 16.076446754885872
-7.419930159855517, -3.48082253343739, 20.690518188893336
-9.377113382607613, -4.09874671324919, 23.409401672688958
-11.35008120250722, -4.664480235435172, 26.38414933562373
-13.332658102908095, -5.195640431580168, 25.857830327666647
-15.32171641333884, -5.702030433859773, 25.036740055932704
-17.315621825092098, -6.189003087677279, 24.187790926437014
-19.31311494316656, -6.66105135230029, 23.307940098609485
-21.31347019793398, -7.120826859561821, 22.39354554168419
-23.316152523445428, -7.570362789642167, 21.440188209437704
-25.32075466027658, -8.011261934527631, 20.442417797969032
-27.326962098147266, -8.444799751489418, 19.3933806429281
-29.334512899926494, -8.872074853805003, 18.28425485415206
-31.343197522028184, -9.293988372007734, 17.10335449389745
-33.35283605055272, -9.711335276940822, 15.834629509560894
-35.3632673694777, -10.124846798758897, 14.454973068835804
-37.374340252424545, -10.535227203473179, 12.928921045433011
-39.3859047688897, -10.943191333753864, 11.19677412463631
-41.39780285321472, -11.349507593519936, 9.142127808241469
-43.40985530594838, -11.755058920392017, 6.464460549738602
-45.42183044733042, -12.160993506493503, 6.633143944151788e-7
-45.42183044733044, -12.160993506493506, 0
-65.02542514827563, -16.123199306432966, 0
endData
10.18
200
50
-6.340347041847042, -0.10394011544011544, 7.171867965367965, -1.7669819624819625, -27.778595216479776, -8.595008286547998, -45.42183044733044, -12.160993506493506
