-33.98841774891775, 59.765566378066374, 10.764957187341935
-33.94907397076008, 57.7517196770151, 16.823096852086067
-33.92874329605075, 55.737571938808514, 21.217164996739527
-33.91681555102996, 53.72335507800704, 23.736497970266417
-33.91011291595615, 51.7091135924634, 25.927687766778234
-33.90717930730939, 49.69486291002749, 27.790690487173574
-33.90726980585087, 47.68061001034079, 29.325481012147396
-33.90985827212853, 45.66635873334152, 30.261175508016347
-33.9147040581478, 43.6521115977274, 31.012238407233795
-33.92157366456666, 41.63787034197876, 31.726446967689647
-33.930364260096596, 39.623636545069225, 32.04669550821855
-33.941025429845034, 37.609411772246816, 32.1764018406554
-33.95355776267455, 35.595197767647164, 30.89904069275
-33.96802132336011, 33.58099671219462, 29.566545221655684
-33.98448914681816, 31.566811065990432, 28.171092945578966
-34.00310967995117, 29.55264419418763, 26.702815583653322
-34.02409950530567, 27.538500641928277, 25.148961078598216
-34.04784109907876, 25.524387697509077, 23.492554748553527
-34.07477816174516, 23.51031503254253, 21.710136272790315
-34.10573810952614, 21.496300364919723, 19.767648124043447
-34.14193079486683, 19.482373322628764, 17.612206653196274
-34.18576738197517, 17.468599302857786, 15.153210209044698
-34.242484105020246, 15.455151545448798, 12.208600356335511
-34.33331060481439, 13.443034518213421, 8.275462860302202
-35.393905699304085, 11.9635472822454, 3.510892301412474
-37.3913296285681, 11.748301264019446, 5.6895187487199665
-39.40516859684893, 11.777700903727345, 7.058788337047016
-41.41798980610443, 11.853563760421315, 8.234219097362862
-43.43113311449802, 11.920021034014985, 9.084756376929578
-45.44509208215281, 11.95215628181974, 9.420506328900728
-46.7888300077344, 11.280315965814337, 5.352818418599213
-45.14922105517394, 10.12263836351181, 12.295865452160184
-43.37195653556711, 9.175220196351162, 15.440576466034333
-41.562103887669004, 8.291218947079726, 17.51021541543084
-39.73701350249485, 7.439043916019403, 18.99016655106989
-37.903506513407585, 6.605108399858233, 19.76955540145266
-36.06533875038378, 5.7814886640412855, 20.13486296277462
-34.225109221818045, 4.962483044207127, 20.08546017951017
-32.3850341762578, 4.143130654186982, 19.62119376390713
-30.547521579329874, 3.3180521303620583, 18.3122529218595
-28.715830273542856, 2.4801436280243507, 15.96147860787229
-26.895950628620145, 1.616934706988063, 13.198481217945261
-25.102976490352482, 0.6994780659239455, 9.676624254890692
-23.46522332934487, -0.447799248095034, 3.6948953837483303
-24.91365753189017, -1.3915350140246872, 8.881656014250272
-26.91730797944485, -1.5890615831577481, 12.51794666470207
-28.930253287835697, -1.6578129389846339, 14.421142014058136
-30.944442857705127, -1.6676933046101685, 15.766364957083404
-32.95853399103848, -1.6433256806344672, 16.468430257690848
-34.972265990664965, -1.5977749481199008, 16.75123100616906
-36.98566760253258, -1.539281857249833, 16.61326636679973
-38.99887838230753, -1.4744985937976405, 15.919507230612872
-41.012106821279524, -1.4102735363971488, 14.867963608929271
-43.02563084464728, -1.356313005197321, 12.80126788204389
-45.03969713171611, -1.3330264212417209, 9.127125687040525
-46.343900614560496, -1.3912427398417513, 5.575332931349459
-44.32982549989595, -1.365175846045517, 14.013218316369663
-42.31588079251009, -1.32995137850165, 17.908744900221063
-40.30198634443964, -1.2919483475854376, 20.773698932423578
-38.28812085227176, -1.2524380771537025, 23.291985624728618
-36.274275126006906, -1.2119320462366276, 25.057010258725278
-34.260443701758554, -1.1707207971945601, 26.600162059543464
-32.24662340401759, -1.128969213948528, 27.921439891228477
-30.23281209451968, -1.086786254968204, 28.766793001978474
-28.21900804037769, -1.044258286633547, 29.69978968513274
-26.20521023681244, -1.0014353296993905, 29.7703098398998
-24.19141767598191, -0.9583665162344627, 28.384876703169105
-22.177629621484073, -0.9150874955986906, 26.92825844594347
-20.1638455228156, -0.8716247864620376, 25.38820553718427
-18.15006489564749, -0.8280015202384824, 23.748491696513316
-16.13628725897801, -0.7842404176031776, 21.986830952118368
-14.12251223326867, -0.7403593249064935, 20.071138801039623
-12.108739482639539, -0.6963739448080591, 17.952172298094556
-10.094968694329928, -0.6522988131366644, 15.547037263348427
-8.081199493919545, -0.6081511887118989, 12.694102769144415
-6.067431564962263, -0.5639456037282742, 8.976086149179915
-4.053664502164502, -0.5197005772005772, 0
15.9415069125406, -0.0802462603938704, 0
endData
20
150.24
50
-33.98841774891775, 59.765566378066374, -33.78053751803752, 52.905518759018754, -33.98841774891775, 14.447676046176047, -34.40417821067821, 12.7846341991342
-34.40417821067821, 12.7846341991342, -34.819938672438674, 11.121592352092351, -39.18542352092352, 11.953113275613275, -45.837590909090906, 11.953113275613275
-45.837590909090906, 11.953113275613275, -52.48975829725829, 11.953113275613276, -27.33625036075036, 2.5985028860028843, -23.802286435786435, -0.10394011544011544
-23.802286435786435, -0.10394011544011544, -20.26832251082251, -2.806383116883117, -40.64058513708514, -1.14334126984127, -46.04547113997114, -1.3512215007215007
-46.04547113997114, -1.3512215007215007, -51.45035714285714, -1.5591017316017315, -22.04931877539909, -0.9152094623266132, -4.053664502164502, -0.5197005772005772
